[0.1990437800726461, -0.27591276606031445, 0.14996895841732594]
[0.3040908417631067, -0.3798186598786628, 0.2248257152445386]
[0.37628056888297584, -0.2752354527762409, 0.2741236616803331]
[0.37628056888297584, -0.2752354527762409, 0.2741236616803331]
[0.41907140319723096, -0.28563870366557964, 0.27187407465932434]
[0.46490387140416717, -0.2749900970439337, 0.30516202264254594]
[0.4649038714041677, -0.27499009704393335, 0.3051620226425462]
[0.49320353839206954, -0.2852704111409421, 0.26589152775806146]
[0.5534263505734937, -0.23105276426115023, 0.30008556367390454]
[0.5534263505734939, -0.2310527642611493, 0.3000855636739037]
[0.5885944511039078, -0.21516887864009923, 0.21382120703646101]
[0.632774979782755, -0.19800889954951117, 0.28897279250169744]
[0.6327749797827543, -0.19800889954951095, 0.28897279250169583]
[0.6396774189534257, -0.1220621325975831, 0.23386227385149125]
[0.6420221193785474, -0.06591756528328155, 0.24489430606261534]
