[0.1990241040760311, -0.27600091899588974, 0.15001643024909367]
[0.371982583865378, -0.38043501747662334, 0.3681116825927253]
[0.33615016694118227, -0.2752362494847675, 0.5100424706027739]
[0.33615016694118227, -0.2752362494847676, 0.5100424706027733]
[0.3732571033438041, -0.28070017710799866, 0.5601649857952038]
[0.4048006803022642, -0.27497252831233815, 0.5998878955636756]
[0.40480068030226457, -0.2749725283123377, 0.5998878955636764]
[0.4421661982042223, -0.2795715319887401, 0.6036600039007827]
[0.47346938927068927, -0.2749987626977316, 0.5999964001646948]
[0.47346938927068916, -0.2749987626977311, 0.5999964001646955]
[0.516160337291439, -0.2562799538210994, 0.5286116822145076]
[0.5420604018131336, -0.18697304077389232, 0.5089889879907105]
[0.5420604018131335, -0.18697304077389224, 0.5089889879907105]
[0.6088021755602184, 0.003045830913291442, 0.3028109159008174]
[0.5419371999170324, 0.1649162500105574, 0.14498678887546926]
