[0.19895499059111343, -0.27597093611306434, 0.15004028858577637]
[0.3645254352885345, -0.11752609783909733, 0.2477721049609216]
[0.37625744048638865, 0.10997962285490087, 0.326160791316525]
[0.376257440486389, 0.10997962285490019, 0.3261607913165256]
[0.42929395491319433, 0.16637383246928933, 0.3270149496752733]
[0.46485014926166257, 0.2063701371916884, 0.370309446713433]
[0.46485014926166285, 0.20637013719168837, 0.37030944671343446]
[0.46582159973914233, 0.20617804544411045, 0.3695761510957879]
[0.46946854890432227, 0.20507355356931867, 0.36713070507571605]
[0.4752303020082437, 0.20344754740045062, 0.3631177514583003]
[0.48317619243502524, 0.20104823067068273, 0.3574971029680987]
[0.4932565826575032, 0.1976632630343361, 0.3502585200089364]
[0.5052301009212352, 0.193446682129371, 0.3413334619716197]
[0.518374226507073, 0.18856905318189765, 0.33127434086050855]
[0.5295199309282445, 0.1842463613286165, 0.32253742688028214]
[0.5384252292209466, 0.1806152527925458, 0.3153154216148571]
[0.5450400207685591, 0.17784415190460803, 0.3097269541906563]
[0.549796050590312, 0.1758343443105791, 0.3056226016709519]
[0.5525047334805472, 0.1747076254735133, 0.3033346182726715]
[0.5533488047476742, 0.17429848407535659, 0.3025153614033995]
[0.5533488047476744, 0.17429848407535556, 0.30251536140340074]
[0.605155267821103, 0.01878861079046454, 0.31637150640208705]
[0.6206295722485069, 0.17230838405055893, 0.2910042619503457]
[0.6206295722485069, 0.17230838405055893, 0.2910042619503457]
[0.6450172568105079, 0.0779744448408217, 0.25785166336400345]
[0.6420174107602883, 0.16490503124931347, 0.24499501067080098]
