[0.19908754529257422, -0.27598468448461244, 0.15009354749010168]
[0.33480104280756723, -0.28043627064066173, 0.32875991619860334]
[0.37613592586710776, -0.27515574649757746, 0.43459206901384406]
[0.37613592586710776, -0.27515574649757757, 0.43459206901384406]
[0.38673765795777326, -0.2430235874103322, 0.571508404088763]
[0.46487751032438546, -0.27498062739787443, 0.5056516511398512]
[0.46487751032438623, -0.274980627397873, 0.5056516511398511]
[0.5464862701810668, -0.25030266239789667, 0.410188750481443]
[0.5533736924288176, -0.2750434081871829, 0.46319448014237474]
[0.5533736924288174, -0.2750434081871829, 0.4631944801423761]
[0.5818548671517125, -0.23923545534018265, 0.4452307280834696]
[0.5999401076298487, -0.2099015776688131, 0.4396539848928598]
[0.5999401076298486, -0.2099015776688133, 0.4396539848928591]
[0.6414666758748151, -0.05198898036052115, 0.38175177126336624]
[0.6420012383217203, 0.04998094656594101, 0.34497757062168577]
