[0.19894652930897155, -0.2759916924608825, 0.14997010735307278]
[0.3228856962497934, -0.18060260253193405, 0.21691373476290496]
[0.3762589367973655, -0.07417088506556194, 0.27003538157521423]
[0.3762589367973655, -0.07417088506556194, 0.27003538157521423]
[0.49381278334622597, -0.13438219959956452, 0.32381977546211915]
[0.4647552959329532, -0.02379736785550951, 0.30008194828645013]
[0.4647552724900391, -0.023797368898316462, 0.30008193568363506]
[0.46601965403325396, -0.023091182220437878, 0.30019007800020076]
[0.46978703867933846, -0.02094826906140923, 0.30075328411555513]
[0.4760415297227323, -0.01747816308855593, 0.3015280435720721]
[0.48465057796667266, -0.012719763972335513, 0.3024075533038311]
[0.4955388724190598, -0.0067594682225091685, 0.3031869955986423]
[0.508611965462634, 0.00024363721011474992, 0.30363836137315237]
[0.5220606560931642, 0.007553586765925019, 0.3034624817279343]
[0.5329874730844829, 0.013334858607431777, 0.302805590924102]
[0.5414410225370901, 0.01786994887450391, 0.30185002437143554]
[0.5476340979237598, 0.021013674956789546, 0.3009762065635455]
[0.551524907246848, 0.0231263154408701, 0.300217575261416]
[0.5532702028542374, 0.023918202678285372, 0.2999720548036941]
[0.5532702028542376, 0.023918202678285316, 0.29997205480369465]
[0.5532702028542374, 0.023918202678285455, 0.2999720548036947]
[0.5849461731959194, 0.05328540152594813, 0.2795276944724805]
[0.6119729082998515, 0.02933325039783044, 0.2890308844314688]
[0.6119729082998517, 0.029333250397830662, 0.2890308844314688]
[0.6126021688080218, 0.0298789601348646, 0.28838015215993434]
[0.6145360614426435, 0.03136695434283748, 0.28640738469519633]
[0.6176959191746965, 0.03384105485296382, 0.28297559784997606]
[0.6220735333781755, 0.037121259132504136, 0.27770626130068965]
[0.6275806526822147, 0.04093782493547837, 0.27034134644017044]
[0.6329502026334162, 0.04455817221975644, 0.26206444537761747]
[0.6369837780370247, 0.04709236335470457, 0.2550161695717975]
[0.6398195877737458, 0.04876824726105375, 0.24968013731170333]
[0.6414729593577434, 0.04969813424637676, 0.2461967352516012]
[0.642068591635665, 0.050009606233184484, 0.24498452427440573]
[0.6420685916356651, 0.05000960623318468, 0.24498452427440504]
