[0.1989469850617367, -0.27588823388699774, 0.14999642458355394]
[0.3024511158408953, -0.017552160070810348, 0.24220441618144173]
[0.19903426055110632, 0.16474142095472566, 0.27001218543032135]
[0.19903426055110668, 0.16474142095472535, 0.2700121854303214]
[0.2235137384801029, 0.22845332160617873, 0.3186594181469972]
[0.26771524361487536, 0.2750405910211966, 0.30006531116830115]
[0.26771524361487514, 0.2750405910211967, 0.3000653111683017]
[0.2949014010633045, 0.2663585324350303, 0.36065356219779277]
[0.3362343096082574, 0.27505357534253916, 0.3000626565649106]
[0.33623430960825745, 0.2750535753425395, 0.3000626565649107]
[0.36754077503940014, 0.26491537328279396, 0.2979380660193153]
[0.4048333638293528, 0.25302431445692153, 0.26902623245247287]
[0.40483336382935314, 0.2530243144569214, 0.2690262324524729]
[0.40711268698381536, 0.2521733795848917, 0.26784991243445655]
[0.4140925081521391, 0.24953293795656914, 0.26417371307609905]
[0.42542976229945373, 0.24496165157311964, 0.25772040719854117]
[0.44081295161238426, 0.23813315434494547, 0.2481509234947811]
[0.4597904898726244, 0.22853155439498232, 0.2346896450546182]
[0.4818693160846119, 0.21554665062672804, 0.2163851028428762]
[0.5022490724824333, 0.20142221498095467, 0.196459736030339]
[0.5176728379001498, 0.188924721117188, 0.17893108581392367]
[0.5287068063811318, 0.17885343611766208, 0.16456012862780434]
[0.5362274562360257, 0.17124173870120835, 0.1539640991837522]
[0.5405263781411006, 0.16658952993778556, 0.14738377278810538]
[0.5419261667553321, 0.16504364384997172, 0.14506253955102769]
[0.5419261667553316, 0.1650436438499727, 0.14506253955102744]
