[0.19895871052334896, -0.2759385749978138, 0.149996131417021]
[0.32377273090581354, -0.2865729439162046, 0.36342869608172895]
[0.3361815077635751, -0.2751846240989905, 0.5100372472482491]
[0.33618150776357486, -0.275184624098991, 0.5100372472482491]
[0.3758647966622699, -0.28893732113298, 0.5539145579937169]
[0.40471454434676524, -0.27501898068297825, 0.5999725684270126]
[0.4047145443467652, -0.2750189806829783, 0.5999725684270134]
[0.4055691743125632, -0.2750684920474492, 0.5997967152658148]
[0.40817986863785966, -0.2752591345073608, 0.5991629362919785]
[0.41261410677892535, -0.2756629050192805, 0.5978590825210949]
[0.4191068189698967, -0.2761010053154783, 0.5957296912631104]
[0.42796117237702325, -0.2766715292308935, 0.5920083597697238]
[0.43937393923138046, -0.27688874807368324, 0.586429852971766]
[0.4503002302525506, -0.27679041309223934, 0.580212966399067]
[0.45941598450309973, -0.27640852880877265, 0.5745391947476308]
[0.46643971188568256, -0.2758043740346156, 0.5698671363780552]
[0.47113647393984776, -0.2752639260279708, 0.566629933085659]
[0.4732817103812842, -0.2749474537953448, 0.5651790128434582]
[0.4732817103812842, -0.2749474537953448, 0.5651790128434582]
[0.4732817103812842, -0.2749474537953448, 0.5651790128434582]
[0.47541398540441016, -0.2729770964066792, 0.5636893999500525]
[0.4809724647924889, -0.26723166460427084, 0.5595923647621962]
[0.4901905941317524, -0.2572569517671169, 0.5525419362962051]
[0.5022521421726623, -0.24330103993623114, 0.542559929374274]
[0.516161930097078, -0.22563880694356292, 0.5298470998315121]
[0.527363542786186, -0.21007794971036065, 0.5183159987933913]
[0.5349771761808757, -0.1985340043492502, 0.5096828435394644]
[0.5396606391449491, -0.1910013232481003, 0.5039996184986344]
[0.5418654165640573, -0.187310164775134, 0.5012254533831357]
[0.5418654165640568, -0.18731016477513465, 0.5012254533831344]
[0.5418654165640572, -0.18731016477513351, 0.5012254533831344]
[0.5705725577330598, 0.08879725647722539, 0.2921967293645651]
[0.5420546041944746, 0.16494917100277745, 0.2448811590858635]
