[0.19904179752960618, -0.275925801948453, 0.14988211328888904]
[0.2610553046725256, -0.27657665444117396, 0.26099948580540533]
[0.30755703428095654, -0.24105141600746205, 0.3212004278793712]
[0.3075570342809564, -0.24105141600746202, 0.3212004278793712]
[0.3611750936772701, -0.2230835043264616, 0.35851389983785886]
[0.4161757038792954, -0.20615555747638525, 0.32114454795904246]
[0.4161757038792951, -0.20615555747638553, 0.3211445479590421]
[0.4168596648016373, -0.20619042269821017, 0.3161982685399546]
[0.41626056183918014, -0.20632463637750625, 0.3211307041408352]
[0.4162605618391808, -0.20632463637750492, 0.321130704140835]
[0.4767480481482921, -0.20618326346848126, 0.3337611740936627]
[0.5291225333819544, -0.1947763461453091, 0.3211529906652995]
[0.5291225333819545, -0.19477634614530856, 0.32115299066529945]
[0.599404257637476, -0.17873297867458124, 0.33947695701018615]
[0.641909754966893, -0.18303835990818063, 0.34494033336097685]
