[0.19902537349793306, -0.2760434123826648, 0.1500524201245016]
[0.2220258191417267, -0.2239928282364725, 0.17953245575668184]
[0.28718290283150677, -0.16114854704223688, 0.2999389897420125]
[0.2871883393577079, -0.16114128045034687, 0.2999525695014423]
[0.378007194320991, -0.194569213063581, 0.3618258835331737]
[0.3753757162682043, -0.04644967213798659, 0.2999567018984325]
[0.3753757162682042, -0.04644967213798712, 0.29995670189843177]
[0.37212490714978075, -0.048061392027019284, 0.21134233982976314]
[0.3753473931702806, -0.0463879925894789, 0.2999240320442111]
[0.3753473931702806, -0.0463879925894789, 0.2999240320442111]
[0.42334902750009845, 0.0036189755413783588, 0.3022670460658271]
[0.4586899070235611, 0.05931225944776408, 0.30002696674244955]
[0.45868990702356094, 0.059312259447764734, 0.30002696674244955]
[0.5090010936881174, 0.12166619939499415, 0.2701668775408059]
[0.5419891565959845, 0.16498351630976932, 0.24506452858308533]
