[0.19903633966657452, -0.27605912267593463, 0.1500957701189236]
[0.3440970424221319, -0.1728212880902742, 0.24042204467449602]
[0.37626161490659826, -0.07157870741733871, 0.3655700427707511]
[0.37624485815780495, -0.07148574440921232, 0.3657220667827853]
[0.3765944832492335, -0.0569926346774441, 0.4807649711602947]
[0.46471913415062704, -0.020307328073030928, 0.4198020298505868]
[0.46479167134629934, -0.020309975109071968, 0.41970919369258514]
[0.5174159037912492, -0.018571406147985053, 0.3630447442518858]
[0.5534880183572344, 0.01886273047374956, 0.36667217112331957]
[0.553497212390048, 0.018885493320120378, 0.3666870062163258]
[0.6113505486468027, 0.031191968956331195, 0.3656971795769637]
[0.6420233181256151, 0.025040774219537862, 0.36229871904979183]
[0.6420233181256152, 0.025040774219537806, 0.3622987190497907]
[0.6420541875491406, 0.025808882328164237, 0.36152534635262645]
[0.6421550904735073, 0.028238809928658376, 0.3595669606754168]
[0.6422640129988963, 0.03229399919109471, 0.3562765612949685]
[0.6423291325970837, 0.038138052261142655, 0.3520256309644886]
[0.6422577196552374, 0.043394864296793734, 0.34850338248200163]
[0.6421708892843019, 0.04709690986238545, 0.3464447580507257]
[0.6420964672087214, 0.049524180998383835, 0.34526811360732423]
[0.6420455014912019, 0.05004615444982295, 0.34496348005361566]
