[0.19897090649578356, -0.2759915709925871, 0.15001477239359487]
[0.30062910466585757, -0.32104963310708357, 0.20023815691352803]
[0.2861345630857344, -0.24197695046555986, 0.2999271081235378]
[0.2861345630857341, -0.2419769504655604, 0.29992710812353784]
[0.3330934924520679, -0.22798681585240926, 0.2629380205441516]
[0.3732737011277265, -0.2078327766794735, 0.30009693153206385]
[0.37327370112772656, -0.20783277667947395, 0.3000969315320642]
[0.3742298510108456, -0.20810480564639655, 0.2823460002865479]
[0.37325934873605543, -0.2078042133277455, 0.2999241818410634]
[0.37325934873605543, -0.2078042133277455, 0.2999241818410634]
[0.4191829263621381, -0.19978221924705292, 0.29151743245103506]
[0.45774352264097123, -0.19539036996467074, 0.3000752242810873]
[0.4577435226409708, -0.1953903699646718, 0.30007522428108746]
[0.5065754493566724, -0.13136411090828232, 0.19560210608688422]
[0.5419968920588726, -0.1830410534925622, 0.14499014304274574]
