[0.19896758734425302, -0.27600646318612626, 0.14991439455346153]
[0.3449649641837058, -0.3460572197217486, 0.2195241668506817]
[0.3762252130665848, -0.2752020469778115, 0.27003457395800673]
[0.376225213066585, -0.27520204697781153, 0.270034573958007]
[0.41773116454587184, -0.28741991257021443, 0.2595170925569236]
[0.4648002760384347, -0.27502981026653084, 0.29999755333542955]
[0.46480027603843477, -0.2750298102665307, 0.29999755333542977]
[0.5220851320109388, -0.26832954828767974, 0.29298894053688657]
[0.5534228552866929, -0.27506175954093154, 0.30002210148256964]
[0.5534488235981616, -0.2750769316810964, 0.30003854998157975]
[0.6173718304009896, -0.2100385022321048, 0.27604461913035794]
[0.6418881704519616, -0.21004416911501345, 0.28899486536110564]
[0.6418881704519616, -0.21004416911501345, 0.28899486536110564]
[0.6427385629139355, -0.20651045611035876, 0.2885768115679663]
[0.6451277254752908, -0.19604709600110182, 0.28720364934011194]
[0.6486140102141177, -0.17873052219344226, 0.28468209840150016]
[0.6525149580850457, -0.1547007626957851, 0.2812374170307865]
[0.6559506209237713, -0.12437543091511473, 0.2766063106915392]
[0.6578621217716875, -0.08833051656102756, 0.27073143228122637]
[0.6571875385952332, -0.04935824997621041, 0.2639504566676678]
[0.6544263943119347, -0.016803197003193382, 0.25799374847750167]
[0.6508016390669003, 0.008643059658571511, 0.2532279919018676]
[0.64720957253844, 0.027604130138895025, 0.2494739787214595]
[0.6443354780839543, 0.04051915647015418, 0.24695188890367029]
[0.6425317593326013, 0.04789878413896238, 0.24551547848146915]
[0.6420154401065358, 0.0499906217942126, 0.245125454084938]
