[0.19892963168034408, -0.2760869950821401, 0.14991502899714038]
[0.2980628024094977, -0.22178130482344832, 0.24729942933225368]
[0.3760759121225654, -0.0818780526928856, 0.27002977303131154]
[0.376142835603529, -0.08165620294823107, 0.27000216825560724]
[0.4215543990557022, -0.06355744410235531, 0.29484818266704393]
[0.4648354655220796, -0.03303230324640473, 0.299990158673718]
[0.4648354655220796, -0.03303230324640467, 0.299990158673718]
[0.5133049596502705, 0.010527285243864898, 0.2706087268587539]
[0.5533318230421983, 0.022643231741005215, 0.30004521919114235]
[0.5533318230421983, 0.0226432317410053, 0.30004521919114313]
[0.5532270415986833, 0.05021981878274548, 0.26560970937406203]
[0.5624121429570299, 0.028052273674745276, 0.289023984883224]
[0.5624121429570301, 0.02805227367474636, 0.289023984883224]
[0.5635311187543579, 0.028549619541617333, 0.2892617420061886]
[0.5668232950445391, 0.029905749627706424, 0.28981883658756435]
[0.572269186374512, 0.03202837924313995, 0.29045321313811906]
[0.579860413470698, 0.034646227497757615, 0.2906297851039706]
[0.5893738933092508, 0.037642677377607764, 0.28951905646698967]
[0.6007461182116826, 0.04087428391056572, 0.28619226304414186]
[0.6129240990775675, 0.04375995998720453, 0.27957075628989914]
[0.6228767137457747, 0.045925655848145036, 0.27136297697471023]
[0.630456887213688, 0.04754913763116919, 0.2628414073672385]
[0.6359460519390026, 0.04878181027149692, 0.2551654142404781]
[0.6395574505323607, 0.04951489279631949, 0.24931696061467234]
[0.6415154663663671, 0.0499871684247965, 0.24575339011309852]
[0.6419370236676714, 0.05006224527958675, 0.24499329293737634]
