[0.19913078638373485, -0.27595866465535246, 0.1499865607028384]
[0.27565730346154815, -0.23761914407712176, 0.2062771796794483]
[0.3361974987232246, -0.16435606992708757, 0.27002470955931196]
[0.3361974987232239, -0.16435606992708723, 0.2700247095593113]
[0.37097331611328616, -0.15347638828156546, 0.2900834390313408]
[0.4048697692002613, -0.13630685351371097, 0.3000222832720961]
[0.4048697692002614, -0.13630685351371086, 0.3000222832720961]
[0.40590556410050976, -0.1359247520638885, 0.30034200268428085]
[0.4090952153665229, -0.13477233300806452, 0.301103856450676]
[0.4143379142295856, -0.13276982668594156, 0.30212410930642614]
[0.421694509581163, -0.13002698959153533, 0.3031811777554448]
[0.43106125164360504, -0.12642544362065547, 0.30374309359638463]
[0.4408569537727529, -0.12280159150255796, 0.303379082918516]
[0.4486101672068608, -0.11982493453982147, 0.30241681692199573]
[0.45428143829531376, -0.11758624368038008, 0.30133247573867217]
[0.457843781197935, -0.11607946844445677, 0.3003984342749797]
[0.459375222343474, -0.11552158341975606, 0.2999991457522657]
[0.459375222343474, -0.11552158341975606, 0.29999914575226605]
[0.459375222343474, -0.11552158341975606, 0.29999914575226605]
[0.459501171295287, -0.11453277872158464, 0.2989138805301226]
[0.45949259442393137, -0.11180004403646726, 0.2956673667507871]
[0.45947889594621105, -0.10796708893641249, 0.29151167870314854]
[0.45941235142754766, -0.10595117146524366, 0.2893115192634285]
[0.4594233011487252, -0.1056174115795211, 0.2889819035913045]
[0.4594233011487253, -0.10561741157952059, 0.28898190359130455]
[0.46050416106979314, -0.1051095370344701, 0.2886403025233428]
[0.46383261523506614, -0.1036280528529696, 0.28766307807110714]
[0.4693056632646651, -0.1012930227798096, 0.28591837398686526]
[0.4769307753316601, -0.09787441423866822, 0.28321488539736883]
[0.48660802222802835, -0.09344168662059776, 0.2794189421963936]
[0.49818486195026634, -0.08801924426322663, 0.2740977535930179]
[0.5106630066641576, -0.08216676813092522, 0.26738540598855565]
[0.5210562694849985, -0.07694153855072433, 0.26100056174683295]
[0.5292528022111319, -0.0728004178008067, 0.25523566161095185]
[0.5353566692658625, -0.06957323869678864, 0.25060534228344555]
[0.5394619988914018, -0.06743263064088781, 0.24723590139883997]
[0.5416554146546719, -0.06628823339079631, 0.2454069255285129]
[0.5420636500720845, -0.06598764165744492, 0.24505817507941546]
