[0.19901492126492953, -0.2760785477640704, 0.149935736912505]
[0.2709429858518238, -0.3179786979706279, 0.3000998442194483]
[0.37616000115034504, -0.2752546870655226, 0.26996857854336254]
[0.3761600011503448, -0.2752546870655231, 0.2699685785433628]
[0.42523817699952954, -0.2715774384843029, 0.27604907391342515]
[0.46476955116999463, -0.27491766279120416, 0.30006706710432873]
[0.46476955116999463, -0.27491766279120416, 0.30006706710432873]
[0.532402417935055, -0.23605734559080666, 0.27883065841602944]
[0.5533712635309227, -0.2750921449900278, 0.2999451637950048]
[0.5533712635309227, -0.2750921449900278, 0.2999451637950048]
[0.5861507664632915, -0.2623309439169331, 0.27281189176966475]
[0.6139386597174973, -0.2565995237651456, 0.28907607947481506]
[0.613938659717497, -0.2565995237651456, 0.289076079474815]
[0.6145935398452725, -0.25518013278655555, 0.28817475928340414]
[0.6163660039352302, -0.25123267932466575, 0.28551327426606676]
[0.6192791681951194, -0.24466200133459629, 0.28125471424872256]
[0.6230479938424027, -0.23570063575920697, 0.27541151102783507]
[0.6275235088735436, -0.22447976739682363, 0.2683022288963861]
[0.632277058802772, -0.21178230263306547, 0.2606688737682943]
[0.6359904412688173, -0.20118799522518277, 0.2546173646240996]
[0.6386407395703427, -0.19320488915456052, 0.25021889059841895]
[0.6404445830794876, -0.1876863921903157, 0.24730901205826686]
[0.6415321091802983, -0.18431528152234405, 0.2456408060701177]
[0.641943272252221, -0.18295794584101527, 0.24493208943825456]
[0.6419432722522208, -0.1829579458410165, 0.24493208943825454]
