[0.19895032231102852, -0.2760481828902346, 0.1499316737355084]
[0.3711551361010063, -0.09569767450759703, 0.20546196052067495]
[0.37616471540453783, 0.16484560457131117, 0.2699870375430207]
[0.37616471540453794, 0.1648456045713107, 0.2699870375430208]
[0.41688787752452977, 0.239020384936875, 0.25822375149110693]
[0.46474908697739703, 0.27496303036382286, 0.30002531178759795]
[0.46474908697739675, 0.2749630303638225, 0.3000253117875972]
[0.5132384336224071, 0.27088644915700777, 0.279017215752248]
[0.5429396739845206, 0.2750413683467112, 0.29998422992095747]
[0.5429396739845206, 0.2750413683467112, 0.29998422992095747]
[0.5417244349253666, 0.23420129089379715, 0.265295546177622]
[0.5425827288556051, 0.1836344464506155, 0.3088658406367156]
[0.5425844113198989, 0.1834899796429117, 0.3090486485579635]
[0.6140357111059318, 0.09443035947759779, 0.3977750388593939]
[0.6419893837437567, -0.18302004289121462, 0.3449678598828626]
