[0.19896055513237132, -0.276031740133733, 0.14996372002548158]
[0.3570101840682639, -0.3464802559151568, 0.24077139663020997]
[0.37623336878404934, -0.2751098248531214, 0.27003968624147934]
[0.37623336878404945, -0.27510982485312135, 0.27003968624147934]
[0.4198851861577222, -0.2826436877963648, 0.2623032880563533]
[0.4648211288256231, -0.27506318795911644, 0.2999953749030936]
[0.46482291963124434, -0.27506245667691753, 0.29999778161292345]
[0.46627469492942636, -0.27456829720207276, 0.29997493876222114]
[0.4711915277522264, -0.27283652072102516, 0.2999521877244155]
[0.47906780805554583, -0.2699435699936862, 0.299901900335391]
[0.4897514898185169, -0.26601801122048013, 0.2997578470906564]
[0.5031396684441801, -0.2607883956552073, 0.29957997354886845]
[0.5184448015351832, -0.25454291858906, 0.2994863619690675]
[0.5311864766260879, -0.249253401710271, 0.2995358199584146]
[0.5408339660388474, -0.24523228858715918, 0.2996501500628116]
[0.5475968783900725, -0.24240352378681865, 0.29984704494273906]
[0.5518269056529416, -0.24058316924297554, 0.29995788797352196]
[0.553435175970013, -0.239936340287628, 0.29997929895289044]
[0.5534351759700127, -0.23993634028762711, 0.2999792989528899]
[0.553435175970013, -0.23993634028762675, 0.2999792989528899]
[0.6028814703814841, -0.2450259689317395, 0.30557303376448763]
[0.6420200156589555, -0.2286280520541465, 0.3090844190257892]
[0.6420200156589555, -0.2286280520541465, 0.3090844190257892]
[0.6434842931355874, -0.19951691831941282, 0.3174859321404967]
[0.641976177761035, -0.18293966646791782, 0.3449191935881032]
