[0.19898781866918244, -0.27610156858983853, 0.15002912033004456]
[0.3696714301595958, -0.07616077763031844, 0.1727535522014007]
[0.37620340025897114, 0.16476583914109721, 0.2699788280990356]
[0.37620340025897103, 0.16476583914109752, 0.2699788280990355]
[0.42424510892871586, 0.23656083025052752, 0.27050187803430725]
[0.4647948447027509, 0.2748763869530128, 0.2999761106092487]
[0.4647951997799262, 0.2748765146678093, 0.2999765626214848]
[0.46605730429464287, 0.27493535201830477, 0.30020460611016353]
[0.46997562411754534, 0.2747518555114272, 0.30049844313176755]
[0.4764101840492738, 0.27449914890278637, 0.3008880693352137]
[0.4854172081868733, 0.27401276330871616, 0.3013738182289528]
[0.49651197201092084, 0.27357115994227443, 0.3015612591763656]
[0.5096096262962531, 0.2731667785867453, 0.3013969787043404]
[0.523032495846631, 0.2730067533921231, 0.30101668721688507]
[0.5337444158745386, 0.2732287065646007, 0.30054823271287906]
[0.5418953074444591, 0.27363924085969565, 0.3003224537335939]
[0.5476986680591729, 0.27427235779895515, 0.30016296752637045]
[0.5514367765503183, 0.2746719406631064, 0.29997562782261655]
[0.5532487168029308, 0.2749966764624029, 0.2999561500488144]
[0.5534980748358957, 0.2749267195213411, 0.2999362927659657]
[0.5534980748358961, 0.27492671952134046, 0.29993629276596556]
[0.619455036476575, 0.19052431438625336, 0.24065492285126375]
[0.6419542915229236, 0.2067579300571177, 0.28901003328573793]
[0.6419542915229237, 0.20675793005711798, 0.28901003328573693]
[0.6563960391929026, 0.021113914592334006, 0.22614849880200685]
[0.6419879947541464, -0.0660469598512969, 0.24500129036798682]
