[0.1990654286187124, -0.2760380470837381, 0.14995955111839876]
[0.24547660834477006, -0.2625761542220818, 0.222122815415839]
[0.2865069429481821, -0.21341375238666355, 0.3000654030289777]
[0.2865069429481829, -0.21341375238666238, 0.3000654030289768]
[0.287520738015048, -0.2128700167181048, 0.300305209666471]
[0.29068226287878246, -0.21133840951323754, 0.3010901275963792]
[0.2959779272348059, -0.20843898433878655, 0.30210542063116613]
[0.30335869764276263, -0.20431305185963403, 0.3032945954913149]
[0.31299119793502583, -0.1985338496239938, 0.3044086895677131]
[0.32470240124912747, -0.19088152187977558, 0.3050339713474866]
[0.3379184711893514, -0.18139884991306943, 0.30488489681072517]
[0.3493203334637464, -0.17245633280959716, 0.303972704362454]
[0.35845037503776933, -0.16485128445426708, 0.3028594543338753]
[0.36544265011685334, -0.15867767605073305, 0.30173830433690824]
[0.3701583556358604, -0.15429961232394263, 0.30087513770397023]
[0.3731868386280456, -0.1514258189679742, 0.30029581809900247]
[0.37375409857837, -0.15089625218347874, 0.3001103578002452]
[0.3739309783436817, -0.15073068482878882, 0.3000521883486844]
[0.3736648802732011, -0.15059381345245637, 0.3033820773637965]
[0.37397241951881066, -0.1506275437269374, 0.2999560325329639]
[0.3739724195188115, -0.15062754372693649, 0.2999560325329635]
[0.37553636447733335, -0.1500147569138336, 0.3001232205549803]
[0.38014638330568157, -0.1480835181974638, 0.3004576696106649]
[0.38787652367418907, -0.14471836031849422, 0.30109093943333554]
[0.398552971508362, -0.13992057216809967, 0.30168448222378524]
[0.41206925297915603, -0.13352184556985144, 0.30199543079751284]
[0.42702191990005345, -0.12587745560678534, 0.30197796091361695]
[0.43908472342970434, -0.11931256696856854, 0.30153032366722554]
[0.44808519283182247, -0.11426900455724187, 0.30094629494989084]
[0.4541829403687634, -0.11059351755641757, 0.3003658296610886]
[0.45737032036262576, -0.10866429452008636, 0.30002300659113723]
[0.4579731674952786, -0.10830906266303394, 0.2999966109517329]
[0.4579731674952787, -0.10830906266303392, 0.29999661095173313]
[0.5100826220287604, -0.07901686292754437, 0.25906984673077027]
[0.5419828905263575, -0.06602276449525452, 0.2449052666609661]
