[0.199140954529369, -0.27598142159530686, 0.15004032094759595]
[0.41790398208171015, -0.11069643535621276, 0.20567818562631113]
[0.3362763169471888, 0.1647851869152167, 0.2701112262351114]
[0.3362763169471891, 0.16478518691521668, 0.2701112262351119]
[0.3608577110886653, 0.2327075313018534, 0.29333526391629716]
[0.37187514346940587, 0.2750772531901568, 0.3000189618639018]
[0.3718751434694059, 0.2750772531901567, 0.30001896186390165]
[0.37324484408303465, 0.2745076256987027, 0.2830124024562145]
[0.37188141022567406, 0.27510152967544427, 0.30007099379734237]
[0.3718814102256732, 0.27510152967544554, 0.3000709937973424]
[0.3894192895769869, 0.2641818407591416, 0.2850900079143218]
[0.4047207387988778, 0.2530194131393664, 0.2889547798451513]
[0.4047207387988779, 0.2530194131393664, 0.2889547798451514]
[0.4765322715223332, 0.22535982103568963, 0.2388135496325963]
[0.5420263683435811, 0.16499042580113682, 0.24500335497829862]
