[0.1990376840791847, -0.2760446708292858, 0.1499724032528172]
[0.303394186320111, -0.31345994207700634, 0.2488026837842791]
[0.30819116259754004, -0.18566265250097738, 0.3000068838348112]
[0.30819116259753976, -0.1856626525009777, 0.3000068838348113]
[0.37527809726145867, -0.13836384605966434, 0.3028075471436865]
[0.4171949510943379, -0.09525184748360255, 0.300033902594716]
[0.4171949510943379, -0.09525184748360255, 0.3000339025947164]
[0.418161190737283, -0.09599996168043803, 0.2803895804847679]
[0.4173432012967687, -0.09513942185302754, 0.3000583156338683]
[0.4173432012967689, -0.09513942185302765, 0.3000583156338682]
[0.4771123062616889, -0.05417427874417449, 0.3358606438299413]
[0.5296652706011407, -0.02256284221168396, 0.2999336454057442]
[0.5296652706011405, -0.022562842211684392, 0.29993364540574363]
[0.5931631673364977, 0.03715407512420299, 0.25307375021239054]
[0.641995804173699, 0.04989501242278015, 0.24500527791246465]
