[0.19899134050950262, -0.2759680094278585, 0.15002122511345206]
[0.3218309146427437, -0.301479196455317, 0.2271267848434177]
[0.30747875416232523, -0.18720771631890007, 0.3221327807166709]
[0.30747875416232523, -0.18720771631890007, 0.3221327807166709]
[0.3641362906879513, -0.1457735715653678, 0.3431537698567403]
[0.41601475635746704, -0.09835404446980761, 0.32208504104844304]
[0.41602313826886217, -0.09834464535935603, 0.3220794024098127]
[0.4091710764878492, -0.09646746581860931, 0.3596025961995167]
[0.41591842020027653, -0.09842571041353723, 0.3221847591242459]
[0.41591842020027653, -0.09842571041353727, 0.3221847591242458]
[0.48286908498702796, -0.04880350474742934, 0.2961723198120716]
[0.5289962527844166, -0.024260031528633014, 0.322020210997872]
[0.6419694021603916, 0.050008181782427386, 0.34492411637983483]
