[0.19915052358876584, -0.2760182304087385, 0.14985957548486206]
[0.4411685542128625, -0.09893220214554566, 0.1858416675377681]
[0.37612023594819327, 0.16485195193127006, 0.26994403625048924]
[0.37612023594819327, 0.16485195193127006, 0.2699440362504893]
[0.41453402726035904, 0.25280511613288764, 0.2633878234381965]
[0.4646995299465434, 0.2750648032696912, 0.29996222428597213]
[0.4646995299465441, 0.2750648032696903, 0.29996222428597225]
[0.46684473219095146, 0.2809268115727483, 0.28074519750307503]
[0.47628131113141675, 0.27497162085405097, 0.30007635404686256]
[0.47628131113141686, 0.27497162085405125, 0.30007635404686284]
[0.5895241306276221, 0.21465834739581088, 0.27750109812871837]
[0.6419352102754763, 0.20687524992936673, 0.2890321818273116]
[0.6419352102754766, 0.20687524992936454, 0.2890321818273102]
[0.657892172081385, 0.05563512383694576, 0.2477484716289361]
[0.6419955107888328, -0.06592053280396887, 0.24503260006581806]
