[0.19908111125980116, -0.27597491588576906, 0.14997328597938503]
[0.31669344598583127, -0.24664232439658335, 0.21872518576087668]
[0.37617588295098137, -0.20393485956070032, 0.2699966447553578]
[0.37617588295098114, -0.20393485956070112, 0.2699966447553581]
[0.37759681829171343, -0.2038974099538715, 0.2704333827756604]
[0.38195179376286, -0.20344112225452343, 0.271973106948048]
[0.3892936086977914, -0.20260302042812417, 0.2745501914888265]
[0.39956302157277807, -0.2011895988767199, 0.27811787577270547]
[0.4125243970670132, -0.19905163012770055, 0.2824771619490476]
[0.42770868649635796, -0.1959003036877628, 0.2876386527547513]
[0.4408608386490463, -0.19276637161036275, 0.2920312891184276]
[0.45107479854493626, -0.19004400148634645, 0.29548129490176056]
[0.4583877574413766, -0.1878871896174138, 0.2979335170110358]
[0.4629424422523707, -0.18654299641851096, 0.2994695688308965]
[0.464801126957736, -0.1859508796263515, 0.30005587628701036]
[0.46480112695773634, -0.18595087962635082, 0.30005587628701036]
[0.4648011269577362, -0.18595087962635076, 0.30005587628701036]
[0.5170117344919021, -0.14724413934336425, 0.2733880596530394]
[0.5533684272011234, -0.1377864770206793, 0.29995035115712365]
[0.5533684272011228, -0.13778647702068073, 0.299950351157124]
[0.5827588023626801, -0.1385793586362484, 0.24936372388191527]
[0.6130220866272056, -0.12329924470324097, 0.28898086422354274]
[0.6130302125928968, -0.12329052051169842, 0.2890023062309305]
[0.6142316746880179, -0.12136186346951801, 0.2874273322507637]
[0.618469045744553, -0.11413773428359167, 0.28192643344004464]
[0.6249834251917473, -0.10224078552139665, 0.2728612097407249]
[0.632675210160453, -0.08689408996846847, 0.26099336961992153]
[0.6380534402902845, -0.07503832124068141, 0.2520466594452606]
[0.6410492009063182, -0.068043198169273, 0.2466516804175294]
[0.6419072940734046, -0.0659267673531593, 0.2450269438625878]
