[0.19902461046365053, -0.2760776231299773, 0.1499928092484805]
[0.23918977706437738, -0.2942410435852641, 0.22613653212596474]
[0.30854117261886393, -0.23955680190669185, 0.3001160917304575]
[0.308541172618864, -0.2395568019066922, 0.3001160917304576]
[0.32854910225781103, -0.25255837303835155, 0.26329256809982493]
[0.41813116030206277, -0.2031105601957508, 0.3000377064092552]
[0.4181311603020629, -0.20311056019575058, 0.30003770640925487]
[0.41743098989708766, -0.20621958337360838, 0.27607523065378237]
[0.4181100837961769, -0.2031854288017857, 0.2999979471584437]
[0.4181100837961771, -0.2031854288017853, 0.2999979471584437]
[0.4756042077653845, -0.21763976223908488, 0.2798568216831076]
[0.5300010759993783, -0.19305050506846677, 0.3000080026635147]
[0.5300010759993782, -0.19305050506846663, 0.3000080026635145]
[0.6009649841237162, -0.18302096388073613, 0.27425225535231607]
[0.6420271993136244, -0.18294025564998587, 0.24503584861919805]
