[0.19903228021564245, -0.2760455679749839, 0.15006182205437674]
[0.34963096219614603, -0.26800162792246784, 0.2557391749197798]
[0.30835989090868665, -0.21190843973740445, 0.30006516899340624]
[0.3083305292542484, -0.21180702892213565, 0.3000691100774428]
[0.3679410788546197, -0.18305569488710577, 0.3002234036714901]
[0.41764293987902296, -0.14773643188941976, 0.3000773808916869]
[0.41764401959314973, -0.1477355394406016, 0.30007759877701606]
[0.4176504369458969, -0.14764744474727245, 0.300008991576842]
[0.4176544257966649, -0.14776370693021007, 0.3000635790169355]
[0.4176765650208192, -0.14771305245524238, 0.3000243127826015]
[0.4176716694096292, -0.1476256740513154, 0.29993925529767634]
[0.41769440846618605, -0.14765361990178033, 0.2999779661165249]
[0.4176942832424327, -0.14769904060341496, 0.299995807384576]
[0.41767375388184413, -0.14767884083708038, 0.2999613107726956]
[0.4176974020987356, -0.14763706858096717, 0.2999217483098708]
[0.41769549112602605, -0.14767507426346638, 0.2999749552326025]
[0.4176954911260262, -0.14767507426346638, 0.2999749552326026]
[0.41769549112602605, -0.14767507426346638, 0.2999749552326025]
[0.4808121201984132, -0.13204907396664636, 0.3048010006455792]
[0.5298842678848549, -0.10692440093094954, 0.2999660750303955]
[0.5298842678848542, -0.10692440093094929, 0.2999660750303947]
[0.6020169789515484, -0.06373639041923668, 0.25582325986573934]
[0.6420738234492362, -0.06611403711802886, 0.2449815129982407]
