[0.19903312436231552, -0.27595049467015487, 0.14992168702088182]
[0.43852001543209596, -0.12150664189426028, 0.23668522292556524]
[0.37628132606843584, 0.16479683720767696, 0.2699357595750014]
[0.37628132606843545, 0.16479683720767674, 0.26993575957500104]
[0.4305824262701347, 0.2180996667594563, 0.30496483162765764]
[0.4648859670457926, 0.274950132994903, 0.3001547561563366]
[0.4648859670457925, 0.274950132994903, 0.3001547561563362]
[0.5000055868220653, 0.30210725868053295, 0.26990120439466847]
[0.5533979296306553, 0.27502908943353416, 0.30002895812961156]
[0.553397929630655, 0.27502908943353455, 0.3000289581296118]
[0.5549720691320126, 0.27383526287790905, 0.300143503916497]
[0.5594795656015124, 0.2704279636434452, 0.3001215649880427]
[0.5669811251638855, 0.264462821756898, 0.299944000883938]
[0.5772769740806615, 0.2558061696305284, 0.299591093210084]
[0.5901074798528321, 0.24418208447163006, 0.29876073763097266]
[0.6050216319269969, 0.22912523474586144, 0.2970977682010876]
[0.6179840347032171, 0.21464678092817402, 0.29495046243513456]
[0.6278255136482771, 0.2025982625035068, 0.2928802134648175]
[0.6349791984597558, 0.1932370619117541, 0.29109259940842014]
[0.6395601983927135, 0.18685815063141192, 0.28980961687258155]
[0.6417109426127793, 0.1837972396098524, 0.28908199717897276]
[0.6419930857666779, 0.18340830103573574, 0.2891336598141958]
[0.6419930857666779, 0.18340830103573574, 0.2891336598141957]
[0.6666181814287953, -0.007135783060464557, 0.248775442080757]
[0.6419943200974005, -0.18298854167850223, 0.24483857477503448]
