[0.1990832086314173, -0.27603948782984544, 0.15006120427377537]
[0.40544303973034895, -0.025921840495132686, 0.3955778980810552]
[0.3761598199577769, 0.16476739070463214, 0.5100178358677768]
[0.37615981995777614, 0.16476739070463273, 0.510017835867776]
[0.4087054154377501, 0.14846135069858923, 0.6312109256384434]
[0.4648103379582592, 0.2749577677932849, 0.5999907630039698]
[0.4648103379582594, 0.27495776779328507, 0.5999907630039707]
[0.5000284256016546, 0.30596344705098055, 0.5010282595196731]
[0.4800378574893108, 0.2750415234221469, 0.5998985490753219]
[0.48003785748931077, 0.2750415234221465, 0.599898549075322]
[0.5224461062775293, 0.2864674449513619, 0.5137629171394456]
[0.5499258239899127, 0.22996498634384321, 0.5290503356626306]
[0.5499258239899125, 0.2299649863438431, 0.5290503356626303]
[0.6250099112295909, 0.16048455481041524, 0.3339543318329485]
[0.6419672482017813, 0.049987379051880165, 0.24493555827839214]
