[0.1990909130764092, -0.27601560225687033, 0.1500254654178054]
[0.26580440711124814, -0.20629534515199788, 0.23456651263158437]
[0.28713309529182734, -0.16114381099752603, 0.3000208201953295]
[0.28713309529182723, -0.1611438109975264, 0.30002082019532983]
[0.3358107253781769, -0.10652920993957933, 0.29630255170063524]
[0.3754002157993121, -0.0463895125762952, 0.2999736132391467]
[0.37540021579931193, -0.04638951257629534, 0.2999736132391472]
[0.3728584732650639, -0.05045829266913765, 0.29112868224926947]
[0.37538955110944106, -0.04647849745000715, 0.2999694431043156]
[0.37539123438750566, -0.04647648502931273, 0.29997540059121075]
[0.5173592421923812, 0.023166153401588868, 0.3057806643896624]
[0.45870271464002116, 0.05923276961825118, 0.29994817685523417]
[0.458773609738004, 0.0593257350437887, 0.30002175048636964]
[0.5086082178370767, 0.12429885777173529, 0.19012529848757442]
[0.5419510526605827, 0.16509503190876723, 0.14506052881264045]
