[0.1990397217456677, -0.27609258404082304, 0.15002573375387945]
[0.3327248551115277, -0.24738435293909822, 0.2689527866705137]
[0.3761226548303266, -0.27517390918837326, 0.27000606379084435]
[0.37612265483032653, -0.27517390918837265, 0.27000606379084385]
[0.4209174790961969, -0.2757325448976667, 0.2489404692455328]
[0.46477433970660664, -0.2749604364073399, 0.2999107509593311]
[0.464831401994205, -0.27494872923933517, 0.30002670987021396]
[0.46604323268261905, -0.27503821119351757, 0.3002956025779869]
[0.4695512486681195, -0.27539767998726516, 0.30078168756932444]
[0.4755021799007845, -0.27582393605003686, 0.30163379349102076]
[0.48364862755173854, -0.2764366262003612, 0.30249966013507745]
[0.49401747424434395, -0.2770268945185838, 0.30331494674804765]
[0.5064316349607908, -0.27743523970317757, 0.30364443193038915]
[0.5197798258238775, -0.2775083784051459, 0.30346835532429983]
[0.5309628515069766, -0.27702206526081463, 0.3028590466009297]
[0.539752117490964, -0.27645235597814255, 0.3018785008414922]
[0.5463019623451842, -0.2758525818538873, 0.3010101628586729]
[0.5506892004568072, -0.27535962883597065, 0.30036097380388227]
[0.5530042025544443, -0.27501637093907505, 0.30001065358590484]
[0.5533729392256339, -0.27498143092210714, 0.2999242310151978]
[0.5533729392256341, -0.27498143092210714, 0.29992423101519805]
[0.630904522209496, -0.1125294208021147, 0.2728934074359254]
[0.6419179052111246, -0.18709650899690955, 0.2888750304179662]
[0.6419179052111241, -0.1870965089969101, 0.2888750304179677]
[0.6598895414029242, 0.06425862048322711, 0.2585493610212214]
[0.6420705247322547, 0.1649475469839278, 0.24509660322480087]
