[0.19903083651259468, -0.2760266376065814, 0.14993804053718174]
[0.27167194310462867, -0.29219262227261733, 0.2359267753341302]
[0.3361943793199179, -0.2751458471457342, 0.2699755259874306]
[0.33619437931991747, -0.2751458471457343, 0.26997552598743]
[0.3583735421994321, -0.2635130049431996, 0.32964407158136766]
[0.3771395134540056, -0.2749211526429061, 0.30005612502636]
[0.3771395134540062, -0.2749211526429066, 0.3000561250263609]
[0.36954058903394166, -0.2660399589423889, 0.3502860305464658]
[0.3772992852712978, -0.27491711587325235, 0.30004248951260215]
[0.3772992852712974, -0.2749171158732528, 0.30004248951260215]
[0.3899074753614957, -0.26820725383156746, 0.24881220802370954]
[0.40476194026908474, -0.25657282071363474, 0.2688990748012575]
[0.40476194026908496, -0.25657282071363446, 0.26889907480125746]
[0.48570012464952433, -0.22759485906684623, 0.19588008878366883]
[0.5419364602148473, -0.18297507531942295, 0.14498862608093221]
