[0.19891486577011744, -0.2759818929447221, 0.14997933167203303]
[0.27846453028845924, -0.23124958533761347, 0.2411922058711972]
[0.30814804023026254, -0.1855497459596865, 0.3000220294354346]
[0.30814804023026277, -0.18554974595968624, 0.3000220294354345]
[0.36931711067008227, -0.14322692786736857, 0.31364228371450287]
[0.4173017032420686, -0.09531539182769934, 0.30002626769785085]
[0.4173017032420682, -0.09531539182770012, 0.3000262676978506]
[0.41729494605409856, -0.09524342952740743, 0.30008755366874995]
[0.41726879278703594, -0.095239481778734, 0.30002403774752456]
[0.41725854936064155, -0.0953264931585095, 0.30010868424479153]
[0.4172464218089541, -0.09529953833866282, 0.30023569344283274]
[0.41721503495275875, -0.0953126212457921, 0.3002867846533866]
[0.4172448620591946, -0.0952156703878435, 0.30030241269999597]
[0.4171891569248695, -0.09529077994149635, 0.3002687193587453]
[0.41721040056119135, -0.09522792767796864, 0.30016173243197364]
[0.4172357229172618, -0.09524515343494364, 0.3001109105519254]
[0.41721469262813776, -0.09525403698111454, 0.2999950447424172]
[0.41724008360256604, -0.09520956500713595, 0.30002033571026554]
[0.41725777926287094, -0.09523744995381148, 0.29998301779930425]
[0.417266481153226, -0.09517491679235572, 0.2999715363749393]
[0.41726648115322623, -0.09517491679235497, 0.2999715363749393]
[0.4810420829818146, -0.07493673493629108, 0.2734253149037404]
[0.529676868290553, -0.02259898259955062, 0.29998624357236503]
[0.5296877312790894, -0.022578955346894025, 0.30000040882999973]
[0.5931164447541091, 0.037063304047248447, 0.23154681966805182]
[0.6420701304222148, 0.04990354950255957, 0.24499485187113204]
