[0.1989526487097193, -0.2760484614339375, 0.15006373004491658]
[0.35478362687116893, -0.06833143333764982, 0.1857018172264469]
[0.33627043152310143, 0.1647547115234243, 0.2699651308534578]
[0.33621418410021986, 0.16487198975093809, 0.2700157680666669]
[0.3762893829863961, 0.22309344905764505, 0.28736126973710885]
[0.40473335931205073, 0.27505504883660803, 0.3000170984986007]
[0.40473335931205096, 0.27505504883660764, 0.3000170984986007]
[0.43664984172187266, 0.28911773553233294, 0.2741664229091365]
[0.47340064940115023, 0.275129853292411, 0.30000466904275885]
[0.4734006494011502, 0.2751298532924113, 0.3000046690427586]
[0.4919964441131664, 0.25815063886722445, 0.2675445834939719]
[0.5420592235422093, 0.18344844991092552, 0.2690167392680392]
[0.5420592235422088, 0.18344844991092654, 0.2690167392680385]
[0.5748424123451199, -0.025747077055639778, 0.19887509391855665]
[0.5420176841058055, -0.18287757171578706, 0.14503298621537636]
