[0.19898971461830214, -0.276030370362276, 0.14995933930053135]
[0.34058225256531627, -0.27509266902909335, 0.3499077990653957]
[0.33619620326758703, -0.2751572406655436, 0.5099769960131125]
[0.33619620326758665, -0.27515724066554403, 0.5099769960131124]
[0.3636230512846861, -0.25708024546436986, 0.5960464023425185]
[0.40485072632749425, -0.2748972792221791, 0.6000647541917803]
[0.4048663767083433, -0.27492134566528353, 0.6000568505786805]
[0.32295494692636684, -0.2529259082356312, 0.7296148259952963]
[0.47336758938083756, -0.2749352677014175, 0.5999820856747289]
[0.47336758938083734, -0.2749352677014168, 0.5999820856747295]
[0.5284196925623208, -0.2566374144500249, 0.5224233222183485]
[0.5419604924804666, -0.2331516992594073, 0.5290461032738476]
[0.5419604419661035, -0.23315064519790163, 0.529047744465014]
[0.55514063312834, -0.24639318914890912, 0.2876209942339663]
[0.5419621923373972, -0.06595936477888109, 0.24492137451861934]
