[0.1990269276491123, -0.2760150644382404, 0.1500795552343815]
[0.26482970917021065, -0.25737119992831337, 0.2314824556466894]
[0.30834000968787245, -0.21173411447333917, 0.30003531048608123]
[0.30834000968787245, -0.21173411447333917, 0.3000353104860806]
[0.3104497812235833, -0.21103044024936934, 0.30023506434147634]
[0.3172467473621259, -0.2083550572875274, 0.3006767914763355]
[0.3283584854871339, -0.20371681890009996, 0.30123926368915516]
[0.3437126687923891, -0.19648256611780918, 0.3017055998588633]
[0.36373248497810423, -0.18567781130281202, 0.3019591850678049]
[0.3834585846408203, -0.1733328553104776, 0.30166713070908563]
[0.39850344399576504, -0.1627461852272186, 0.30110227150615243]
[0.40911874205275606, -0.15463208018619615, 0.3005319286680873]
[0.41543048652182146, -0.14954249220315413, 0.3000779544094585]
[0.4176840436778335, -0.14770529359290627, 0.2999375763598713]
[0.41768404367783357, -0.14770529359290635, 0.29993757635987056]
[0.41768404367783357, -0.14770529359290635, 0.29993757635987056]
[0.4178198266293268, -0.14777997544906135, 0.29835821747281777]
[0.41775009262804425, -0.14763599198014604, 0.2999049211896126]
[0.4177500606394199, -0.14763595877841923, 0.2999054770944384]
[0.4816836485652907, -0.13480559016016536, 0.30928736230276305]
[0.5298099951031902, -0.10685348084900512, 0.29993352307503]
[0.52980999510319, -0.10685348084900526, 0.29993352307503]
[0.5924869316420267, -0.0709384717106388, 0.23309624882941715]
[0.6420094576503159, -0.06615985007475164, 0.24502495897914606]
