[0.19891688258576107, -0.276031054423739, 0.15000084916129408]
[0.2533437627588569, -0.2452979230007262, 0.2041248759026038]
[0.30798229031705465, -0.16084233194668043, 0.3001006807876592]
[0.30798229031705465, -0.16084233194668043, 0.3001006807876592]
[0.36593855677892706, -0.10235054829667323, 0.33938219067401376]
[0.41683811487569267, -0.04580151573224733, 0.30000034299135586]
[0.41683811487569244, -0.04580151573224714, 0.30000034299135536]
[0.4087560495082813, -0.04345489146608164, 0.27740545717324716]
[0.4169020934620268, -0.04574322662538638, 0.2999930669540337]
[0.4169040271708903, -0.04574563561370287, 0.2999993819573945]
[0.47876307674633634, -0.0002364691302682853, 0.3161219614504669]
[0.5294780883428459, 0.05965264035281084, 0.3000035622676766]
[0.5295264952347762, 0.05958079563781146, 0.3001235823240698]
[0.553210191232248, 0.07234909599349265, 0.2857667165805958]
[0.6038271962460225, 0.11139297360617761, 0.2549381128880513]
[0.6370569566539996, 0.1553418840542453, 0.24448317757454605]
