[1.22286842 0.23264741 2.21308942]
[1.16567528 0.21936644 2.11198412]
[1.10822455 0.20700182 2.00944728]
[1.10822455 0.20700182 2.00944728]
[1.10870432 0.20709019 2.01031846]
[1.11032181 0.20740183 2.01324178]
[1.11311782 0.20795185 2.0182838 ]
[1.11719603 0.20878066 2.0256114 ]
[1.12277326 0.20995297 2.03559355]
[1.12866726 0.21123764 2.04609687]
[1.13343248 0.21230465 2.05456031]
[1.13693636 0.21310351 2.06076922]
[1.13911647 0.21360585 2.06462709]
[1.13988478 0.2137833  2.06598626]
[1.13988478 0.2137833  2.06598626]
[1.13988478 0.2137833  2.06598626]
[1.14128106 0.214089   2.06847312]
[1.13992714 0.2137933  2.06606098]
[1.13992665 0.21379319 2.06606012]
[1.16241288 0.21796638 2.10685938]
[1.19047063 0.22400405 2.15693722]
[1.19047063 0.22400405 2.15693722]
[1.27301957 0.24187101 2.30416814]
[1.29250129 0.24538826 2.33961432]
