[0.67005666 1.08903995 0.41226763]
[0.80317315 1.09118555 0.59118003]
[0.68858414 0.92780255 0.51104421]
[0.68858414 0.92780255 0.51104421]
[0.65179007 0.88066262 0.48239847]
[0.63932873 0.85149283 0.48002897]
[0.63932873 0.85149283 0.48002897]
[0.64458779 0.83844267 0.49555376]
[0.64358754 0.82703834 0.50082916]
[0.64358754 0.82703834 0.50082916]
[0.66798158 0.84226872 0.52975895]
[0.70541904 0.86252529 0.5769292 ]
[0.70552643 0.86260502 0.57705152]
[0.75641114 0.8883501  0.64406793]
[0.90145851 1.07203037 0.75802651]
