[1.26099438 0.27068733 2.25130143]
[1.2345293  0.27068432 2.19837427]
[1.15328674 0.25904671 2.04752676]
[1.15328674 0.25904671 2.04752676]
[1.17369847 0.26829611 2.07910083]
[1.18995996 0.27494402 2.1049759 ]
[1.18995996 0.27494402 2.1049759 ]
[1.20631413 0.27789909 2.13472917]
[1.19000329 0.27496379 2.10504278]
[1.19000329 0.27496379 2.10504278]
[1.19047663 0.27980041 2.10115286]
[1.24632041 0.29340984 2.19923098]
[1.24632041 0.29340984 2.19923098]
[1.31646181 0.31045583 2.32246779]
[1.35385714 0.3198024  2.38791188]
