[1.19523938 0.20494011 2.18553864]
[1.14173948 0.18791543 2.09556354]
[1.07536586 0.16624054 1.98449118]
[1.07536586 0.16624054 1.98449118]
[1.1187465  0.17491901 2.062574  ]
[1.10335075 0.16379463 2.04290687]
[1.10335075 0.16379463 2.04290687]
[1.12461811 0.16924689 2.07998932]
[1.10339957 0.1638073  2.04299184]
[1.10339957 0.1638073  2.04299184]
[1.1495907  0.16999381 2.12918759]
[1.15086703 0.16595181 2.13578226]
[1.15086703 0.16595181 2.13578226]
[1.20517271 0.17399717 2.23634826]
[1.250552  0.1822425 2.3188615]
