[1.3085519  0.31833353 2.29877028]
[1.27303242 0.33937964 2.2066852 ]
[1.19237689 0.33629666 2.04845713]
[1.19237689 0.33629666 2.04845713]
[1.22601472 0.34962964 2.10239981]
[1.2198676  0.35523256 2.08450264]
[1.2198676  0.35523256 2.08450264]
[1.22105849 0.35550356 2.08661343]
[1.22528992 0.35648573 2.09409412]
[1.23209227 0.35805051 2.10613402]
[1.24153505 0.36020721 2.12286289]
[1.25358937 0.36293677 2.14424197]
[1.26815326 0.3661921  2.17011442]
[1.28434371 0.3697718  2.19891561]
[1.29823518 0.37281319 2.22365717]
[1.3095148  0.37525477 2.24377483]
[1.31805871 0.37708294 2.25903447]
[1.32426702 0.37840324 2.27013079]
[1.32776978 0.37915138 2.27638818]
[1.3289355  0.37939168 2.27847933]
[1.3289355  0.37939168 2.27847933]
[1.36161036 0.38676014 2.33646057]
[1.38502664 0.39479483 2.37525845]
[1.38502664 0.39479483 2.37525845]
[1.42666765 0.40086444 2.45247087]
[1.43219947 0.40289926 2.46149968]
