[1.22289625 0.23447486 2.21131764]
[1.18168076 0.2259386  2.13742292]
[1.10826297 0.21005494 2.006471  ]
[1.10821508 0.2100429  2.00638727]
[1.12540081 0.21276771 2.03803391]
[1.13975632 0.21483919 2.06467344]
[1.13975645 0.2148392  2.0646737 ]
[1.13979413 0.21484461 2.06474365]
[1.13978041 0.21484464 2.06471618]
[1.13981112 0.21484959 2.06477265]
[1.13985699 0.21485663 2.06485736]
[1.13984332 0.21485461 2.06483204]
[1.13984001 0.21485503 2.064825  ]
[1.13985326 0.21485714 2.06484937]
[1.13988722 0.21486295 2.06491149]
[1.13985181 0.21485681 2.06484682]
[1.13985181 0.21485681 2.06484682]
[1.13985181 0.21485681 2.06484682]
[1.16490385 0.21960943 2.11019827]
[1.19050203 0.22426968 2.15673439]
[1.19050203 0.22426968 2.15673439]
[1.25949499 0.23730669 2.28168329]
[1.29256697 0.24407089 2.34106305]
