[1.19577128 0.2073304  2.18421215]
[1.16275771 0.23821728 2.08729815]
[1.01043895 0.22121917 1.79965873]
[1.01043895 0.22121917 1.79965873]
[1.00900555 0.23226923 1.78574187]
[1.0090831  0.24238073 1.77578547]
[1.0090831  0.24238073 1.77578547]
[1.03795785 0.25395283 1.82196287]
[1.06351161 0.26347269 1.86355054]
[1.06351161 0.26347269 1.86355054]
[1.13021892 0.27568603 1.9847518 ]
[1.14572048 0.28440929 2.00703167]
[1.14572048 0.28440929 2.00703167]
[1.30171865 0.31166613 2.29177116]
[1.36771475 0.30890702 2.42652249]
