[0.56121238 0.91197772 0.34535859]
[0.72661131 0.96193581 0.54885574]
[0.80927745 1.12017259 0.58466883]
[0.80927745 1.12017259 0.58466883]
[0.81854514 1.1368891  0.58934169]
[0.81233289 1.1406543  0.57851421]
[0.81233289 1.1406543  0.57851421]
[0.81804798 1.14905734 0.5823926 ]
[0.81231285 1.14063094 0.57849752]
[0.81231285 1.14063094 0.57849752]
[0.83250823 1.15221631 0.60151027]
[0.84600105 1.15375716 0.62033659]
[0.84600105 1.15375716 0.62033659]
[0.9236968  1.20490708 0.70811749]
[0.97271181 1.19889556 0.78919991]
