[0.52609794 0.82380089 0.33597808]
[0.56062956 0.83458305 0.37660183]
[0.61546775 0.86679674 0.43701197]
[0.61546775 0.86679674 0.43701197]
[0.661359   0.89246763 0.49009702]
[0.71900647 0.9235045  0.55979186]
[0.71900647 0.9235045  0.55979186]
[0.71931991 0.92516195 0.55927627]
[0.71906815 0.92354027 0.55986622]
[0.71906685 0.92353871 0.55986514]
[0.76941655 0.95418943 0.62042379]
[0.83239715 1.01008349 0.68596805]
[0.83234022 1.01000222 0.68592943]
[0.85664365 1.02830426 0.71363931]
[0.91682003 1.0906373  0.77070439]
[0.96582735 1.16297874 0.80209762]
