[1.22293199 0.23265991 2.21320407]
[1.21134841 0.23205359 2.19064323]
[1.10818527 0.21513018 2.00124036]
[1.10818527 0.21513018 2.00124036]
[1.13505321 0.22162175 2.04848466]
[1.13520879 0.22174433 2.04867324]
[1.13520862 0.22174429 2.04867294]
[1.1357098  0.22183009 2.04958951]
[1.13757462 0.22215485 2.05299439]
[1.14074234 0.22271179 2.05877289]
[1.14525664 0.22350597 2.06700731]
[1.15124513 0.22457928 2.07791099]
[1.15873908 0.22593993 2.09153822]
[1.16672191 0.2274048  2.10603901]
[1.17333565 0.2286332  2.11803809]
[1.17833088 0.22956494 2.12709683]
[1.18194603 0.23024774 2.13364432]
[1.18435065 0.23070364 2.13799766]
[1.18547659 0.23091877 2.14003442]
[1.18563252 0.23094629 2.14031875]
[1.18563252 0.23094629 2.14031875]
[1.26614561 0.24536704 2.28692418]
[1.24310177 0.24034882 2.24585471]
[1.24310177 0.24034882 2.24585471]
[1.30496988 0.24970078 2.36023899]
[1.29248827 0.24538822 2.33958833]
