[0.67007492 1.08904711 0.4122874 ]
[0.76171523 1.14178766 0.50815937]
[0.81367817 1.15787074 0.57180145]
[0.81367817 1.15787074 0.57180145]
[0.83490288 1.16598628 0.59783106]
[0.87236014 1.17977076 0.64505091]
[0.8723619  1.17977132 0.64505322]
[0.87341947 1.18003673 0.64647274]
[0.87701758 1.18091277 0.65132654]
[0.88274668 1.18219625 0.6591475 ]
[0.89022137 1.18356951 0.66957968]
[0.89923022 1.18465248 0.68257569]
[0.90866441 1.18465724 0.69697039]
[0.91539721 1.1832463  0.70818058]
[0.91956549 1.18106183 0.7159665 ]
[0.92193802 1.17886799 0.721005  ]
[0.92318904 1.17719704 0.72398926]
[0.92356081 1.1764734  0.72501816]
[0.92356081 1.1764734  0.72501816]
[0.92356081 1.1764734  0.72501816]
[0.90282502 1.13464023 0.71837133]
[0.88738348 1.09322201 0.72030148]
[0.88738348 1.09322201 0.72030148]
[0.89817406 1.08307055 0.74484219]
[0.9014914  1.07201908 0.75808982]
