[0.56352154 0.84155091 0.37734678]
[0.61265151 0.84862784 0.44229267]
[0.62938826 0.85232224 0.46476504]
[0.62938826 0.85232224 0.46476504]
[0.67367633 0.87257086 0.52011799]
[0.71628359 0.89968566 0.57026827]
[0.71628359 0.89968566 0.57026827]
[0.71660386 0.90029543 0.57039175]
[0.71623753 0.89963421 0.57022754]
[0.71623688 0.89963335 0.57022704]
[0.78403088 0.91884944 0.66899362]
[0.79399133 0.96173486 0.65550523]
[0.79400667 0.9617597  0.65551363]
[0.90981262 1.08729418 0.76130179]
[0.97273556 1.19048796 0.79481229]
