[1.07041433 0.08201202 2.05881665]
[1.04132478 0.07267383 2.00997574]
[0.95843439 0.06625716 1.85061162]
[0.9583814  0.06625558 1.85050722]
[0.9682448  0.07022471 1.86626488]
[0.9806509  0.07525586 1.88604594]
[0.9806509  0.07525586 1.88604594]
[1.02072125 0.08341542 1.95802708]
[1.01333008 0.0795029  1.94715727]
[1.01333008 0.0795029  1.94715727]
[1.04612349 0.08462753 2.00761945]
[1.05846667 0.08103047 2.03590287]
[1.05846667 0.08103047 2.03590287]
[1.1276745  0.08526546 2.17008354]
[1.17620294 0.09213067 2.26027521]
