[0.60488315 0.9033211  0.4050427 ]
[0.62363486 0.91100447 0.42691386]
[0.70333387 0.93527456 0.52891263]
[0.70333387 0.93527456 0.52891263]
[0.72043915 0.94143615 0.55131999]
[0.74259196 0.94869598 0.581264  ]
[0.74259196 0.94869598 0.581264  ]
[0.75464394 0.95370593 0.59713111]
[0.80618661 0.97172003 0.66885197]
[0.80618661 0.97172003 0.66885197]
[0.84039227 0.98673688 0.71575227]
[0.85052208 0.99445107 0.72742423]
[0.85052208 0.99445107 0.72742423]
[0.92981379 1.0476371  0.82524157]
[0.97407523 1.08834757 0.87180106]
