[0.69664736 1.04043389 0.46645687]
[0.74277571 1.05503978 0.52293361]
[0.72621381 1.00855367 0.52291367]
[0.72621381 1.00855367 0.52291367]
[0.77207348 1.03109156 0.57812272]
[0.7806602  1.01310938 0.60154447]
[0.7806602  1.01310938 0.60154447]
[0.79081781 1.02319938 0.61121304]
[0.78075231 1.01319849 0.60163352]
[0.78075231 1.01319849 0.60163352]
[0.81009118 1.01834492 0.64442578]
[0.82074074 1.0097749  0.66709459]
[0.82074074 1.0097749  0.66709459]
[0.91697201 1.0710716  0.78504337]
[0.97270163 1.1547632  0.81934414]
