[0.69668332 1.04047026 0.46648872]
[0.72685069 1.03559486 0.51015309]
[0.75933487 1.03307599 0.55812879]
[0.75933487 1.03307599 0.55812879]
[0.7461954  1.00520363 0.55392516]
[0.76715906 1.02269272 0.57547395]
[0.76715906 1.02269272 0.57547395]
[0.73939599 0.99571402 0.54905968]
[0.76724351 1.02271095 0.5755904 ]
[0.76724351 1.02271095 0.5755904 ]
[0.8007748  1.05137149 0.60990838]
[0.8028555  1.04068391 0.61937823]
[0.8028555  1.04068391 0.61937823]
[0.89520707 1.09694848 0.73056822]
[0.97274447 1.15480526 0.81938647]
