[0.62963185 0.98582274 0.40213747]
[0.81183133 1.02923636 0.64034864]
[0.65311139 0.89098218 0.47874637]
[0.65311139 0.89098218 0.47874637]
[0.64082928 0.87155818 0.47118159]
[0.61857399 0.8516664  0.44927659]
[0.61857399 0.8516664  0.44927659]
[0.61240239 0.84041217 0.44625329]
[0.63428675 0.84532039 0.47593751]
[0.63428675 0.84532039 0.47593751]
[0.63520022 0.84554021 0.47718524]
[0.63783966 0.84614821 0.48081343]
[0.64240846 0.84724159 0.48709676]
[0.64894137 0.8488891  0.49608943]
[0.65758573 0.85120913 0.50800559]
[0.66861384 0.85442924 0.52320829]
[0.67911442 0.8577549  0.53767854]
[0.687795   0.86071944 0.54961226]
[0.69452073 0.86314948 0.55883605]
[0.69909552 0.8648796  0.56508968]
[0.70130161 0.86572113 0.56810898]
[0.70156322 0.86583952 0.56845517]
[0.70156322 0.86583952 0.56845517]
[0.8507119  0.96322092 0.75134449]
[0.97284668 1.1500083  0.82297725]
