[1.19249505 0.10105272 2.28393739]
[1.15685613 0.09485135 2.21886091]
[1.1088497  0.08910455 2.12859484]
[1.1088497  0.08910455 2.12859484]
[1.10521032 0.08926299 2.12115765]
[1.11025073 0.0919057  2.12859576]
[1.11025073 0.0919057  2.12859576]
[1.11043548 0.09198437 2.12888658]
[1.11120468 0.09226865 2.13014071]
[1.11267098 0.09278921 2.13255276]
[1.11510116 0.09359815 2.13660416]
[1.11891191 0.09479474 2.14302909]
[1.12379778 0.09623251 2.15136306]
[1.12826615 0.09750894 2.15902336]
[1.13187112 0.0985195  2.16522273]
[1.13434355 0.09920607 2.16948104]
[1.13541967 0.09949736 2.17134198]
[1.13541967 0.09949736 2.17134198]
[1.13541967 0.09949736 2.17134198]
[1.13625399 0.09974939 2.1727586 ]
[1.13858163 0.10044557 2.17671768]
[1.1415317  0.1013558  2.18170761]
[1.14307193 0.10183149 2.18431237]
[1.14331022 0.10190702 2.18471342]
[1.14331022 0.10190702 2.18471342]
[1.14410682 0.10212831 2.18608533]
[1.14651297 0.10279365 2.1902323 ]
[1.15061286 0.10391033 2.1973154 ]
[1.15656286 0.10552829 2.20759743]
[1.16445739 0.10765982 2.22125495]
[1.17460623 0.11036373 2.23884873]
[1.18643301 0.11345927 2.25940675]
[1.1969622  0.11619985 2.27772454]
[1.20590089 0.1184902  2.29331158]
[1.21284092 0.12026237 2.30541946]
[1.21773008 0.12149629 2.31396387]
[1.22036874 0.12216056 2.31857692]
[1.22085916 0.12229052 2.31942779]
