[0.55651678 0.90442028 0.34244138]
[0.67647874 0.94640437 0.48353906]
[0.7392538  0.9764418  0.55968126]
[0.73925869 0.97645314 0.55968218]
[0.71757537 0.96560516 0.53325566]
[0.80314852 1.0015437  0.64405332]
[0.80322738 1.00157584 0.64415913]
[0.8559382  1.02474831 0.71493673]
[0.89674602 1.05463673 0.76249329]
[0.89675633 1.05464798 0.76250269]
[0.93953801 1.08089817 0.81666497]
[0.94546784 1.07704184 0.82996724]
[0.94546784 1.07704184 0.82996724]
[0.94649822 1.0782865  0.83081712]
[0.94944823 1.08195416 0.83317018]
[0.95440381 1.08819854 0.83705924]
[0.9612507  1.09708247 0.84223651]
[0.96721083 1.10503644 0.84657552]
[0.97108148 1.11036588 0.84926893]
[0.97345524 1.11371091 0.85086273]
[0.97400019 1.11447748 0.85122973]
