[0.65875338 1.07062744 0.40532869]
[0.72090787 1.04209766 0.49871348]
[0.65827576 0.97655598 0.44372978]
[0.65827576 0.97655598 0.44372978]
[0.630244   0.94161084 0.42183828]
[0.63182412 0.93343306 0.42767043]
[0.63182372 0.93343231 0.42767023]
[0.55588055 0.90130714 0.34283894]
[0.64180319 0.92059315 0.44744124]
[0.64180319 0.92059315 0.44744124]
[0.69542274 0.93513002 0.51716101]
[0.70060876 0.92864499 0.52856866]
[0.70060815 0.92864439 0.52856808]
[0.8131344  1.04144274 0.63487653]
[0.97402957 1.17630833 0.80653479]
