[1.25863384 0.16714724 2.35012044]
[1.16798842 0.13749726 2.19847958]
[1.1160775  0.12183345 2.11032155]
[1.1160775  0.12183345 2.11032155]
[1.095618   0.11220148 2.07903452]
[1.14604567 0.12182476 2.17026659]
[1.14604567 0.12182476 2.17026659]
[1.15074265 0.12303098 2.17845432]
[1.14612807 0.12182438 2.17043176]
[1.14612807 0.12182438 2.17043176]
[1.16020902 0.11970697 2.20071106]
[1.19271118 0.12452071 2.26090166]
[1.19271118 0.12452071 2.26090166]
[1.2092429  0.12380042 2.29468539]
[1.22840076 0.12486021 2.3319413 ]
