[0.60490161 0.90333262 0.40506226]
[0.81042282 0.97752248 0.67188752]
[0.7082827  0.92646507 0.54148224]
[0.7082827  0.92646507 0.54148224]
[0.68333745 0.91733873 0.50902688]
[0.68524061 0.92017469 0.51028865]
[0.68524061 0.92017469 0.51028865]
[0.68475259 0.91964024 0.50985819]
[0.68891664 0.92178234 0.51487874]
[0.68891664 0.92178234 0.51487874]
[0.75952362 0.95279645 0.60545579]
[0.76722175 0.96203586 0.61185788]
[0.76722175 0.96203586 0.61185788]
[0.89634325 1.03226567 0.77831825]
[0.97396622 1.08821138 0.87171501]
