[0.52612089 0.8237829  0.33601473]
[0.58749599 0.83239427 0.41464911]
[0.58759096 0.81999173 0.42105685]
[0.58759096 0.81999173 0.42105685]
[0.60059271 0.81534256 0.44240497]
[0.60842023 0.8126701  0.45550486]
[0.60842839 0.81267256 0.4555157 ]
[0.60861522 0.81252328 0.45587923]
[0.60911736 0.81204459 0.45690097]
[0.61003759 0.81128906 0.45870933]
[0.61124376 0.81022282 0.46113109]
[0.61280499 0.80889983 0.46424779]
[0.61474883 0.80736079 0.46808828]
[0.61690942 0.80577393 0.47231266]
[0.61893279 0.80457623 0.47612369]
[0.62058584 0.80365463 0.47921926]
[0.62187892 0.80300906 0.48160527]
[0.62277915 0.80259858 0.48324765]
[0.62329622 0.80240642 0.48416634]
[0.62336917 0.80236766 0.48430306]
[0.62336917 0.80236766 0.48430306]
[0.7410019  0.85565648 0.64171058]
[0.68678119 0.82146176 0.57418181]
[0.68678119 0.82146176 0.57418181]
[0.88253853 1.02047735 0.76324502]
[0.97261572 1.1763957  0.80413533]
