[0.56353121 0.84161057 0.37733298]
[0.71603114 0.94092839 0.54488801]
[0.68852734 1.01031969 0.46922761]
[0.68852734 1.01031969 0.46922761]
[0.68658791 1.02002403 0.46214888]
[0.71271211 1.05023549 0.48366158]
[0.71271211 1.05023549 0.48366158]
[0.70317299 1.02700547 0.48145046]
[0.75124234 1.06603178 0.52940734]
[0.75124234 1.06603178 0.52940734]
[0.77134753 1.07093534 0.55556763]
[0.80933399 1.09206087 0.5998031 ]
[0.80933399 1.09206087 0.5998031 ]
[0.81141205 1.09301883 0.6023588 ]
[0.81784199 1.09600912 0.61027369]
[0.82869183 1.10116854 0.62363764]
[0.84418219 1.108704   0.64277172]
[0.86484727 1.11918015 0.66831135]
[0.89142433 1.13355215 0.70101525]
[0.91881046 1.14973023 0.73427021]
[0.9414177  1.16471224 0.76093241]
[0.95802263 1.17762953 0.7793685 ]
[0.96782685 1.18605031 0.7897547 ]
[0.97179974 1.18957831 0.79389035]
[0.97270161 1.19041366 0.79480643]
[0.97270161 1.19041366 0.79480643]
