[1.26093234 0.27250025 2.24936443]
[1.09569677 0.25667694 1.9347166 ]
[0.97626143 0.23160499 1.72091786]
[0.97626143 0.23160499 1.72091786]
[0.91214372 0.22728315 1.5970043 ]
[0.98376747 0.23986116 1.72767378]
[0.98376747 0.23986116 1.72767378]
[1.0803599 0.2561133 1.9046065]
[0.9952027  0.24306361 1.74734179]
[0.9952027  0.24306361 1.74734179]
[1.08500036 0.25940169 1.91059902]
[1.08906231 0.2638916  1.91423302]
[1.08906231 0.2638916  1.91423302]
[1.27445853 0.29856058 2.25035648]
[1.35388321 0.31401937 2.39374704]
