[1.26101839 0.27250497 2.24953182]
[1.20246002 0.26894462 2.13597543]
[1.18867565 0.26977489 2.10757641]
[1.18869268 0.26977805 2.10760731]
[1.1907029  0.27348055 2.10792525]
[1.20739405 0.27901942 2.13576867]
[1.20739405 0.27901942 2.13576867]
[1.25460737 0.28937248 2.21984226]
[1.2563798  0.29266128 2.22009833]
[1.2563798  0.29266128 2.22009833]
[1.28014135 0.29572658 2.26455613]
[1.27009484 0.29537518 2.2448145 ]
[1.27009484 0.29537518 2.2448145 ]
[1.27060162 0.29553304 2.2456702 ]
[1.27221493 0.2960181  2.24841175]
[1.27512688 0.29685925 2.2533945 ]
[1.27977622 0.29812674 2.2614257 ]
[1.28666188 0.29987854 2.27344521]
[1.2964519  0.30221113 2.29069266]
[1.30927931 0.30506984 2.31348877]
[1.32185519 0.30772377 2.33598661]
[1.33311343 0.30999992 2.35622694]
[1.34237432 0.3118163  2.37293234]
[1.34906357 0.31310451 2.38502263]
[1.35297615 0.31384563 2.39210668]
[1.3538152  0.31400521 2.39362519]
