[1.28015403 0.18876462 2.37154345]
[1.176714   0.19176034 2.16166766]
[1.07610333 0.18262956 1.96957709]
[1.07610333 0.18262956 1.96957709]
[1.07842217 0.19062978 1.96621456]
[1.0663281  0.19715782 1.93549839]
[1.0663281  0.19715782 1.93549839]
[1.06708062 0.19741328 1.93674796]
[1.06945054 0.19819569 1.94070539]
[1.07364002 0.1995291  1.94775094]
[1.07986829 0.2014919  1.95824469]
[1.08885612 0.2041944  1.97351784]
[1.10077408 0.20771378 1.99383438]
[1.11263579 0.21111387 2.01415771]
[1.12274947 0.21396957 2.03152937]
[1.13064222 0.21618679 2.04509765]
[1.13595399 0.21767585 2.05423213]
[1.13834557 0.21835658 2.05833455]
[1.13834557 0.21835658 2.05833455]
[1.13834557 0.21835658 2.05833455]
[1.1402935  0.21910035 2.06148666]
[1.14536294 0.22107415 2.06965174]
[1.15391278 0.2243831  2.08344246]
[1.16554283 0.2287979  2.10228776]
[1.17964672 0.23403687 2.12525657]
[1.19179474 0.23840062 2.14518887]
[1.2005124  0.24146625 2.15955855]
[1.2060986  0.24339887 2.16879833]
[1.20878442 0.24432319 2.17324564]
[1.20878442 0.24432319 2.17324564]
[1.20878442 0.24432319 2.17324564]
[1.34882344 0.28363266 2.41401423]
[1.36787434 0.28723441 2.44851427]
