[0.56114711 0.91195649 0.3452863 ]
[0.59474705 0.92861732 0.38091477]
[0.64733037 0.93011745 0.4505201 ]
[0.64733462 0.93011714 0.45052616]
[0.6478435  0.88388818 0.47483518]
[0.74560099 0.98361565 0.56518096]
[0.74560099 0.98361565 0.56518096]
[0.75046188 1.00954684 0.55786717]
[0.74563125 0.98367135 0.56519482]
[0.74563125 0.98367135 0.56519482]
[0.79543218 1.01177052 0.62535164]
[0.84586987 1.05433159 0.67862506]
[0.84586987 1.05433159 0.67862506]
[0.91983661 1.13052219 0.74841467]
[0.97266226 1.19882584 0.78916539]
