[1.26100624 0.27068657 2.25132592]
[1.28960409 0.28275777 2.29645042]
[1.23978561 0.27695134 2.20261987]
[1.23978561 0.27695134 2.20261987]
[1.2739962  0.28540843 2.26258398]
[1.26531124 0.2868125  2.24380998]
[1.26531124 0.2868125  2.24380998]
[1.30221871 0.29693133 2.30750609]
[1.31847547 0.30143007 2.33552087]
[1.31848462 0.30143276 2.33553647]
[1.35762713 0.31343086 2.4018234 ]
[1.36460318 0.31596022 2.41324615]
[1.36460318 0.31596022 2.41324615]
[1.3645551  0.31607817 2.41303203]
[1.36447918 0.31643179 2.41252656]
[1.36440365 0.31699915 2.41180815]
[1.3640159  0.31768315 2.41034866]
[1.36335438 0.31843088 2.40827788]
[1.36226745 0.31914243 2.40539247]
[1.36064375 0.31967643 2.40161107]
[1.35889092 0.31992731 2.39785454]
[1.35717391 0.31997911 2.39436872]
[1.35576923 0.31994479 2.39159367]
[1.35466198 0.31987084 2.38945312]
[1.35397722 0.31981031 2.38814412]
[1.35377505 0.31979142 2.38775867]
