[1.19252189 0.10105461 2.28398917]
[1.13817666 0.08916995 2.18718338]
[1.07176298 0.07727136 2.0662546 ]
[1.07176298 0.07727136 2.0662546 ]
[1.07183551 0.07732558 2.06634544]
[1.07207605 0.07748725 2.06666485]
[1.07269109 0.07783144 2.06755075]
[1.07378457 0.07837518 2.06919395]
[1.07560652 0.07920951 2.07200354]
[1.07847685 0.08042708 2.07652661]
[1.08249152 0.08204988 2.08293316]
[1.08666678 0.0836752  2.08965836]
[1.09038436 0.08509961 2.0956691 ]
[1.09347852 0.08627503 2.10068202]
[1.09565962 0.08710642 2.10421282]
[1.09708888 0.08765214 2.10652561]
[1.09742597 0.08776897 2.10708296]
[1.09753139 0.08780551 2.10725727]
[1.09451432 0.08715406 2.10187458]
[1.09761586 0.08783186 2.10739986]
[1.09761586 0.08783186 2.10739986]
[1.09811214 0.08799722 2.10822705]
[1.09970321 0.0885228  2.11088361]
[1.10233353 0.08940841 2.11525866]
[1.10627737 0.0907166  2.12183814]
[1.11174969 0.09251038 2.130989  ]
[1.11822525 0.09463937 2.14181112]
[1.12391173 0.09649384 2.15132963]
[1.128434  0.0979522 2.1589158]
[1.13166052 0.09899601 2.16432502]
[1.13339312 0.09955253 2.1672337 ]
[1.13369114 0.09965083 2.16773144]
[1.13369114 0.09965083 2.16773144]
[1.19264933 0.11497572 2.27032293]
[1.22094173 0.12230351 2.31957995]
