[1.348636   0.25727287 2.43999912]
[1.25385733 0.24437635 2.26333831]
[1.18962182 0.23424167 2.14500196]
[1.18962182 0.23424167 2.14500196]
[1.08286604 0.21570354 1.95002854]
[1.18851185 0.23865614 2.13836757]
[1.18851185 0.23865614 2.13836757]
[1.2991949  0.26351596 2.33487384]
[1.27392285 0.25877959 2.2890661 ]
[1.27392285 0.25877959 2.2890661 ]
[1.29374769 0.26451337 2.32298202]
[1.30128337 0.2673748  2.33519193]
[1.30128337 0.2673748  2.33519193]
[1.33752557 0.27926891 2.39578222]
[1.35387541 0.28449825 2.42325256]
