[1.2609452  0.27067378 2.25121662]
[1.22793329 0.2739799  2.18188669]
[1.18734258 0.27245322 2.10223194]
[1.18734258 0.27245322 2.10223194]
[1.22567353 0.28496061 2.16638644]
[1.2059694  0.28247237 2.12946643]
[1.2059694  0.28247237 2.12946643]
[1.20655446 0.28266906 2.13043985]
[1.20811281 0.28322344 2.13300219]
[1.21086673 0.28416901 2.13756446]
[1.2148642  0.28550249 2.1442259 ]
[1.22027971 0.28724386 2.15331556]
[1.22730611 0.28941222 2.16520001]
[1.23515519 0.29174119 2.17856919]
[1.24204106 0.29370851 2.19037361]
[1.24775845 0.29529339 2.20022351]
[1.25212582 0.2964779  2.20777373]
[1.2550266  0.2972507  2.21280249]
[1.25627417 0.29758432 2.21496403]
[1.25627417 0.29758432 2.21496403]
[1.25627417 0.29758432 2.21496403]
[1.29000637 0.30582206 2.27419068]
[1.3028458  0.30901416 2.29667744]
[1.3028458  0.30901416 2.29667744]
[1.30370028 0.30920682 2.29819375]
[1.30632432 0.30979425 2.30285439]
[1.31076611 0.3107806  2.31075161]
[1.31731975 0.31221068 2.32242882]
[1.32614458 0.31409994 2.33818921]
[1.33557803 0.31607934 2.35507672]
[1.3433001  0.31766982 2.36893037]
[1.34902295 0.31883561 2.37921028]
[1.35263993 0.31956213 2.38571772]
[1.35391349 0.31981833 2.38800866]
[1.35391349 0.31981833 2.38800866]
