[0.56859662 0.84922468 0.38070269]
[0.6250615  0.86551521 0.45140961]
[0.65385537 0.87842214 0.48669862]
[0.65385537 0.87842214 0.48669862]
[0.70103267 0.8967259  0.54804573]
[0.75061247 0.92077076 0.61189941]
[0.75061247 0.92077076 0.61189941]
[0.75062667 0.92079508 0.6119064 ]
[0.7506256  0.92079657 0.61190366]
[0.75056601 0.92075489 0.61183421]
[0.75054495 0.92075631 0.61179893]
[0.75051079 0.92074328 0.6117519 ]
[0.7505661  0.92078586 0.61181377]
[0.7505084  0.92074929 0.611744  ]
[0.75056872 0.92078422 0.61181913]
[0.75058647 0.92078412 0.61184813]
[0.75059341 0.92078436 0.61185929]
[0.75062207 0.92080456 0.6118926 ]
[0.75062814 0.92079821 0.61190671]
[0.75066192 0.92082541 0.61194371]
[0.75066192 0.92082541 0.61194371]
[0.8028594  0.94257333 0.68385472]
[0.85045125 0.98241909 0.73621057]
[0.85046131 0.9824325  0.73621796]
[0.9443058  1.07910564 0.8263449 ]
[0.97389155 1.11707845 0.84905832]
