[0.60488653 0.94705108 0.38634423]
[0.68375312 0.9758357  0.47909533]
[0.73300497 0.99416285 0.54045099]
[0.73300497 0.99416285 0.54045099]
[0.73386207 0.99445485 0.54155655]
[0.73658567 0.99539173 0.54507028]
[0.74118467 0.99697005 0.5510243 ]
[0.74766765 0.99919016 0.55945999]
[0.75592549 1.00200945 0.5702774 ]
[0.76571818 1.00534767 0.58320554]
[0.77424564 1.00824465 0.59455442]
[0.78087948 1.01049203 0.60344144]
[0.78565995 1.01211019 0.60987584]
[0.78860518 1.01310206 0.61385537]
[0.78982991 1.01351603 0.61551201]
[0.78982991 1.01351603 0.61551201]
[0.78982991 1.01351603 0.61551201]
[0.84714407 1.03586813 0.69280351]
[0.86411487 1.04070817 0.71748692]
[0.86411487 1.04070817 0.71748692]
[0.89624579 1.05575171 0.76083847]
[0.90289239 1.05508991 0.77264948]
[0.9028878  1.05508525 0.77264504]
[0.90535197 1.05638474 0.77591256]
[0.91432405 1.06126911 0.78772524]
[0.92911193 1.06999549 0.80677815]
[0.94831175 1.08300787 0.83036809]
[0.96290209 1.09456129 0.84707951]
[0.9714406  1.10212689 0.85625062]
[0.97396679 1.10447826 0.85887729]
