[1.19529009 0.20495301 2.18562717]
[1.09454    0.17257847 2.01650154]
[1.13747101 0.17460241 2.10033961]
[1.13747101 0.17460241 2.10033961]
[1.14966577 0.17327533 2.1260562 ]
[1.14738319 0.16897267 2.12579371]
[1.14738319 0.16897267 2.12579371]
[1.18252106 0.17292323 2.19211889]
[1.18881254 0.17173678 2.20588829]
[1.18881254 0.17173678 2.20588829]
[1.2224817  0.17793487 2.26702853]
[1.22220845 0.17558628 2.26883063]
[1.22220845 0.17558628 2.26883063]
[1.2227994  0.17571751 2.26988129]
[1.22455069 0.17611465 2.27298672]
[1.22735232 0.17674851 2.27795613]
[1.23117292 0.17762899 2.28471686]
[1.2357926  0.17870707 2.29287814]
[1.24069672 0.17986615 2.3015273 ]
[1.24453362 0.180786   2.30828125]
[1.24729452 0.18145639 2.31313265]
[1.24912202 0.18190046 2.31634357]
[1.25015845 0.18215194 2.31816497]
[1.25059413 0.18226017 2.31892809]
[1.25059413 0.18226017 2.31892809]
